Top_k,Recall point
1,0.4678
2,0.5588
3,0.5962
4,0.6285
5,0.6412
6,0.6603
7,0.6715
8,0.6807
9,0.696
10,0.7035
11,0.7138
12,0.7183
13,0.7264
14,0.7311
15,0.7363
16,0.7408
17,0.7436
18,0.7481
19,0.755
20,0.7566
21,0.7591
22,0.7616
23,0.7643
24,0.7693
25,0.7751
26,0.7772
27,0.7784
28,0.7804
29,0.7833
30,0.7856
31,0.7871
32,0.7913
33,0.7938
34,0.7956
35,0.7966
36,0.7986
37,0.8001
38,0.8016
39,0.8026
40,0.8046
41,0.8072
42,0.8099
43,0.8124
44,0.8154
45,0.8161
46,0.8187
47,0.8199
48,0.8212
49,0.8223
50,0.8238
51,0.8241
52,0.826
53,0.827
54,0.8273
55,0.8276
56,0.8276
57,0.8276
58,0.8296
59,0.8306
60,0.8316
61,0.8326
62,0.8336
63,0.8341
64,0.8341
65,0.8341
66,0.8356
67,0.8366
68,0.8373
69,0.8396
70,0.8408
71,0.8408
72,0.8411
73,0.8421
74,0.8431
75,0.8431
76,0.8441
77,0.8451
78,0.8456
79,0.8476
80,0.8476
81,0.8486
82,0.8491
83,0.8501
84,0.8511
85,0.8521
86,0.8521
87,0.8521
88,0.8535
89,0.8535
90,0.8545
91,0.8545
92,0.855
93,0.8565
94,0.8567
95,0.8588
96,0.8588
97,0.8588
98,0.8608
99,0.8623
100,0.8626
101,0.8631
102,0.8631
103,0.8631
104,0.8631
105,0.8644
106,0.8644
107,0.8654
108,0.8654
109,0.8654
110,0.8662
111,0.8662
112,0.8662
113,0.8677
114,0.868
115,0.868
116,0.869
117,0.87
118,0.8711
119,0.8711
120,0.8713
121,0.8713
122,0.8713
123,0.8718
124,0.8718
125,0.8728
126,0.8738
127,0.8761
128,0.8766
129,0.8766
130,0.8771
131,0.8771
132,0.8771
133,0.8771
134,0.8771
135,0.8776
136,0.8776
137,0.8776
138,0.8786
139,0.8796
140,0.8806
141,0.8806
142,0.8806
143,0.8806
144,0.8809
145,0.8809
146,0.8819
147,0.8819
148,0.8829
149,0.8834
150,0.8834
151,0.8836
152,0.8836
153,0.8836
154,0.8836
155,0.8846
156,0.8846
157,0.8846
158,0.8861
159,0.8875
160,0.8875
161,0.8875
162,0.888
163,0.889
164,0.8893
165,0.8893
166,0.8893
167,0.8893
168,0.8893
169,0.8898
170,0.8898
171,0.8898
172,0.8908
173,0.8918
174,0.8921
175,0.8921
176,0.8931
177,0.8931
178,0.8931
179,0.8931
180,0.8939
181,0.8939
182,0.8939
183,0.8939
184,0.8939
185,0.8942
186,0.8947
187,0.8947
188,0.895
189,0.895
190,0.895
191,0.8962
192,0.8962
193,0.8972
194,0.8972
195,0.8972
196,0.8972
197,0.8976
198,0.8984
199,0.8994
200,0.8994
201,0.8999
202,0.8999
203,0.8999
204,0.8999
205,0.9004
206,0.9004
207,0.9009
208,0.9009
209,0.9009
210,0.9009
211,0.9009
212,0.9009
213,0.9009
214,0.9009
215,0.9009
216,0.9009
217,0.9009
218,0.9009
219,0.9009
220,0.9009
221,0.9019
222,0.9029
223,0.9029
224,0.9029
225,0.9029
226,0.9039
227,0.9049
228,0.9049
229,0.9059
230,0.9059
231,0.9064
232,0.9064
233,0.9074
234,0.9074
235,0.9084
236,0.9084
237,0.9084
238,0.9084
239,0.9084
240,0.9084
241,0.9084
242,0.9084
243,0.9084
244,0.9084
245,0.9093
246,0.9103
247,0.9103
248,0.9103
249,0.9113
250,0.9113
251,0.9123
252,0.9123
253,0.9123
254,0.9123
255,0.9123
256,0.9123
257,0.9123
258,0.9123
259,0.9123
260,0.913
261,0.9135
262,0.9145
263,0.9145
264,0.9145
265,0.9145
266,0.9145
267,0.9145
268,0.9145
269,0.9145
270,0.9145
271,0.9152
272,0.9152
273,0.9152
274,0.9152
275,0.9157
276,0.9167
277,0.9177
278,0.9177
279,0.9177
280,0.9177
281,0.9187
282,0.9187
283,0.919
284,0.919
285,0.919
286,0.919
287,0.919
288,0.919
289,0.919
290,0.919
291,0.9195
292,0.9195
293,0.9195
294,0.9195
295,0.92
296,0.9203
297,0.9203
298,0.9206
299,0.9211
300,0.9221
301,0.9221
302,0.9221
303,0.9221
304,0.9221
305,0.9221
306,0.9221
307,0.9221
308,0.9221
309,0.9235
310,0.9235
311,0.9245
312,0.9245
313,0.925
314,0.925
315,0.925
316,0.925
317,0.9253
318,0.9253
319,0.9253
320,0.9256
321,0.9256
322,0.9256
323,0.9256
324,0.9256
325,0.9259
326,0.9259
327,0.9259
328,0.9259
329,0.9259
330,0.9259
331,0.9259
332,0.9259
333,0.9259
334,0.9259
335,0.9264
336,0.9264
337,0.9264
338,0.9264
339,0.9277
340,0.928
341,0.928
342,0.928
343,0.929
344,0.93
345,0.93
346,0.93
347,0.9318
348,0.9318
349,0.9318
350,0.9318
351,0.9318
352,0.9328
353,0.9328
354,0.9328
355,0.9339
356,0.9339
357,0.9339
358,0.9339
359,0.9349
360,0.9349
361,0.9349
362,0.9349
363,0.9349
364,0.9349
365,0.9349
366,0.9349
367,0.9349
368,0.9349
369,0.9349
370,0.9349
371,0.9349
372,0.9349
373,0.9349
374,0.9349
375,0.9352
376,0.9352
377,0.9362
378,0.9362
379,0.937
380,0.937
381,0.937
382,0.937
383,0.937
384,0.937
385,0.937
386,0.937
387,0.937
388,0.9372
389,0.9372
390,0.9372
391,0.9372
392,0.9372
393,0.9376
394,0.9376
395,0.9376
396,0.9376
397,0.9376
398,0.9378
399,0.9378
400,0.9378
401,0.938
402,0.938
403,0.938
404,0.9385
405,0.9385
406,0.9385
407,0.9393
408,0.9393
409,0.9396
410,0.9396
411,0.9396
412,0.9396
413,0.9396
414,0.9399
415,0.9399
416,0.9399
417,0.9401
418,0.9401
419,0.9401
420,0.9406
421,0.9406
422,0.9409
423,0.9409
424,0.9409
425,0.9409
426,0.9409
427,0.9409
428,0.9409
429,0.9419
430,0.9424
431,0.9424
432,0.9437
433,0.9437
434,0.9437
435,0.9437
436,0.9437
437,0.9447
438,0.9447
439,0.9452
440,0.947
441,0.947
442,0.947
443,0.947
444,0.947
445,0.947
446,0.9475
447,0.9475
448,0.9475
449,0.9475
450,0.9475
451,0.9475
452,0.9478
453,0.9488
454,0.9488
455,0.9488
456,0.9488
457,0.9488
458,0.9488
459,0.9488
460,0.9491
461,0.9491
462,0.9491
463,0.9491
464,0.9491
465,0.9491
466,0.9501
467,0.9501
468,0.9501
469,0.9501
470,0.9506
471,0.9506
472,0.9506
473,0.9506
474,0.9506
475,0.9506
476,0.9506
477,0.9506
478,0.9511
479,0.9511
480,0.9511
481,0.9516
482,0.9516
483,0.9516
484,0.9516
485,0.9519
486,0.9519
487,0.9524
488,0.9524
489,0.9524
490,0.9527
491,0.9527
492,0.9527
493,0.9527
494,0.9527
495,0.9527
496,0.9527
497,0.9527
498,0.9527
499,0.9527
500,0.9527
